100 100
-721665947 -627141434 -602064400
-922902965 699305066 729947131
-80844678 735127023 114346279
755781480 -567672151 375290428
458151509 47170526 38196954
-415197803 584275956 959292626
-550333864 113238424 665893049
984479758 -239280478 -907859164
-831183100 -7670163 -478016610
787824419 490540397 799897134
466678317 -393861851 859038907
-959289167 730711954 -432071127
585089617 801371719 910662420
-26041711 -738143505 994476968
-196597668 -521976929 -994509127
-63376912 -828886551 -712971894
-669502338 100236972 -624558053
706762866 -246382817 -492014927
224544316 752130894 719972632
738510714 -123226116 40582430
-54766837 -987750487 -855242033
-312499857 -232457397 -673927057
-956384360 422288008 -397036217
-894489994 -72933861 -356086711
98188503 -656702957 -944822120
634651665 74263115 -306994342
-62491891 650785463 -144920265
-513501223 -704616821 -890994966
-925616920 -856035171 -12930558
-412736761 -444957072 945280047
739584779 -141166929 354342204
631448894 30900742 678318391
569030690 -195127371 -33714666
538367801 -6105639 -402804022
492536403 115841633 227590351
573481941 793855665 626182068
-680502470 341464720 -786886644
804736378 -448667278 834630778
-457746497 -266216710 447282539
-262121988 25589823 -765987518
-393599162 -975496932 -80257753
39207201 451021817 73266759
953964066 472880000 484938713
-665712375 -465390294 845611610
155098148 -987486383 37493132
-708157072 910560085 -262478105
31886858 -735129860 -447526585
688396759 779911611 -591207041
468817170 -857564296 855066592
-973834008 -152342647 -83566395
-776349620 860103233 462669409
-330704986 632822459 -590414319
124676299 -465275408 649055358
-503277919 -607047779 52745667
190727429 304712795 640041941
868796911 -101393752 605266786
-936154248 169157141 -812027368
-605778259 740720068 -678551742
-673864704 654117318 -686656376
688966294 379086116 -537528500
-592900678 -912409408 371046036
-835489901 -631278315 -145978882
-499348412 -170900632 420959946
994093880 757532041 706631745
-172993240 -620075512 783027174
-92385285 158442535 -535370161
-681204327 -979287187 -739554601
-516622088 87064160 888992731
8016784 609515704 446266833
-736878438 -553027367 -965474721
-334174252 -449731827 -586549759
-559442041 163821712 377457692
-774319285 834296615 551305806
188129123 -458222944 210896104
-172998462 -409353903 977287876
16751823 566147612 677510731
-423733271 -120153611 -552768671
-965969379 -270392926 -423575557
-39637389 655188967 -365607138
702745579 641038645 489467802
888014744 -979334604 673049161
-171625629 310801909 -54205311
-795727671 260420619 590919546
146986739 -780888717 408305805
845281926 725902751 -688678731
168052251 690231117 -54594594
-799022584 -331155799 -84268681
-24469455 -660666861 672319820
356828822 625786969 -554680842
630066309 -943872403 -467465633
-682566848 118068146 311030502
770189380 -235229975 866858453
699496121 355009767 942811
106123490 -321938777 -389793276
344644194 -557489727 845878852
-138864697 -429401343 989387313
-531477971 429312972 754655259
-32691516 355303102 394016291
-43228977 -506069983 683858692
-909794278 585634975 -217869382
912370723 -409364952
829770207 -558105191
787611936 -616171599
-109469810 -993990121
989197034 146592046
-554655548 832080058
-616010232 787738150
668261398 743926545
492386475 870376677
806865552 590735120
995147110 -98398317
681198444 -732098818
-434348056 -900745117
526986575 849873608
-853081895 -521777040
649750461 760147577
781956013 623333614
637097744 -770783021
-919234336 393710853
909534407 415628636
-90679356 -995880141
-999146491 -41307268
-589232540 807963498
561685610 -827350757
-750736344 -660601954
183947405 -982936088
-864768814 -502170189
274344395 -961631506
-959141575 282926562
-612089885 790788197
862752225 -505626935
-939663993 -342098788
830666272 -556770639
-994425823 -105438528
-651190364 -758914428
-374164361 -927362405
966620107 256213913
-135145301 -990825791
-559505162 828826866
-485833064 874051620
913294794 407299176
-806165481 591690136
-223128480 -974789045
40507619 -999179230
-885530248 -464581726
-500763098 865584380
-418810945 -908073451
969186562 -246327847
764908928 -644138441
-833012678 -553253900
-351398922 -936225826
-766003285 -642836657
-41265843 999148202
71726849 -997424312
967288803 -253677691
998837918 -48195568
995595772 93749985
522440946 -852675471
697230748 -716846765
238823834 -971062910
936092055 -351755121
-17035574 999854884
992732500 120341946
448645949 -893709579
-809066330 587717341
-81687476 -996657994
-950985689 309234895
739070754 673627805
981528730 191314797
989647542 143519140
635475651 772120908
622816279 -782368125
875090106 483960026
-723862610 -689944144
331256841 -943540622
547267951 836957460
-705140728 -709067383
580267016 814426295
-994669508 103114355
-227793184 -973709539
-56565377 998398897
973926829 -226862365
-821744649 -569855887
-335522780 -942032093
978525078 206127805
978847243 204592462
-572209875 820107224
-995209388 -97766424
-299801416 -954001631
-657468939 753481649
-392673230 -919678060
-341493392 939884175
-923846478 -382763223
-770416512 637540899
95672805 995412836
140111393 990135747
-941928754 335812779
828915521 559373810
581762227 -813358907
986171571 -165727586