100 4950
40 8 52
16 8 50
16 40 80
53 8 91
53 40 67
53 16 79
70 8 48
70 40 15
70 16 17
70 53 95
48 8 94
48 40 49
48 16 71
48 53 41
48 70 18
62 8 24
62 40 45
62 16 7
62 53 55
62 70 5
62 48 12
26 8 55
26 40 88
26 16 3
26 53 41
26 70 77
26 48 50
26 62 22
25 8 97
25 40 99
25 16 59
25 53 5
25 70 13
25 48 81
25 62 94
25 26 25
66 8 18
66 40 52
66 16 52
66 53 91
66 70 73
66 48 55
66 62 82
66 26 99
66 25 77
99 8 36
99 40 98
99 16 30
99 53 72
99 70 82
99 48 56
99 62 3
99 26 52
99 25 76
99 66 10
61 8 21
61 40 71
61 16 57
61 53 85
61 70 33
61 48 5
61 62 49
61 26 49
61 25 53
61 66 57
61 99 90
32 8 36
32 40 68
32 16 32
32 53 13
32 70 35
32 48 23
32 62 3
32 26 35
32 25 12
32 66 42
32 99 12
32 61 80
34 8 93
34 40 82
34 16 60
34 53 32
34 70 85
34 48 90
34 62 60
34 26 49
34 25 46
34 66 30
34 99 79
34 61 58
34 32 72
97 8 72
97 40 99
97 16 21
97 53 15
97 70 79
97 48 83
97 62 81
97 26 11
97 25 76
97 66 64
97 99 76
97 61 10
97 32 14
97 34 99
24 8 25
24 40 98
24 16 65
24 53 96
24 70 83
24 48 3
24 62 54
24 26 45
24 25 24
24 66 58
24 99 14
24 61 12
24 32 25
24 34 95
24 97 1
45 8 78
45 40 37
45 16 68
45 53 97
45 70 46
45 48 77
45 62 68
45 26 14
45 25 93
45 66 25
45 99 20
45 61 15
45 32 61
45 34 86
45 97 21
45 24 76
59 8 48
59 40 100
59 16 70
59 53 69
59 70 45
59 48 2
59 62 51
59 26 99
59 25 10
59 66 69
59 99 3
59 61 76
59 32 94
59 34 73
59 97 56
59 24 100
59 45 45
69 8 40
69 40 81
69 16 23
69 53 83
69 70 87
69 48 68
69 62 99
69 26 87
69 25 68
69 66 15
69 99 42
69 61 52
69 32 94
69 34 23
69 97 69
69 24 21
69 45 32
69 59 39
58 8 78
58 40 26
58 16 94
58 53 20
58 70 80
58 48 37
58 62 19
58 26 46
58 25 8
58 66 74
58 99 2
58 61 21
58 32 13
58 34 33
58 97 1
58 24 32
58 45 82
58 59 68
58 69 53
72 8 20
72 40 23
72 16 94
72 53 95
72 70 54
72 48 71
72 62 65
72 26 48
72 25 22
72 66 61
72 99 99
72 61 49
72 32 94
72 34 54
72 97 66
72 24 39
72 45 7
72 59 89
72 69 4
72 58 77
3 8 67
3 40 78
3 16 77
3 53 14
3 70 25
3 48 58
3 62 5
3 26 78
3 25 74
3 66 26
3 99 80
3 61 69
3 32 77
3 34 14
3 97 58
3 24 37
3 45 20
3 59 25
3 69 39
3 58 85
3 72 59
43 8 9
43 40 31
43 16 52
43 53 17
43 70 83
43 48 39
43 62 42
43 26 88
43 25 91
43 66 61
43 99 78
43 61 44
43 32 68
43 34 32
43 97 37
43 24 63
43 45 31
43 59 89
43 69 82
43 58 16
43 72 4
43 3 19
46 8 98
46 40 55
46 16 50
46 53 61
46 70 42
46 48 36
46 62 16
46 26 11
46 25 95
46 66 96
46 99 56
46 61 29
46 32 99
46 34 66
46 97 30
46 24 2
46 45 45
46 59 34
46 69 36
46 58 55
46 72 71
46 3 44
46 43 54
19 8 1
19 40 5
19 16 19
19 53 81
19 70 99
19 48 68
19 62 53
19 26 73
19 25 24
19 66 33
19 99 85
19 61 40
19 32 74
19 34 2
19 97 31
19 24 77
19 45 9
19 59 11
19 69 64
19 58 40
19 72 31
19 3 77
19 43 39
19 46 91
57 8 11
57 40 69
57 16 60
57 53 49
57 70 64
57 48 55
57 62 7
57 26 64
57 25 71
57 66 3
57 99 38
57 61 77
57 32 48
57 34 70
57 97 79
57 24 21
57 45 50
57 59 86
57 69 69
57 58 35
57 72 89
57 3 35
57 43 52
57 46 61
57 19 74
52 8 77
52 40 24
52 16 16
52 53 31
52 70 82
52 48 51
52 62 2
52 26 28
52 25 91
52 66 42
52 99 34
52 61 26
52 32 39
52 34 41
52 97 38
52 24 76
52 45 25
52 59 61
52 69 87
52 58 2
52 72 52
52 3 42
52 43 31
52 46 98
52 19 49
52 57 72
88 8 52
88 40 20
88 16 98
88 53 52
88 70 64
88 48 58
88 62 53
88 26 79
88 25 64
88 66 7
88 99 66
88 61 58
88 32 42
88 34 58
88 97 18
88 24 58
88 45 52
88 59 37
88 69 73
88 58 61
88 72 32
88 3 62
88 43 62
88 46 38
88 19 22
88 57 67
88 52 35
12 8 61
12 40 67
12 16 61
12 53 62
12 70 58
12 48 94
12 62 15
12 26 9
12 25 79
12 66 4
12 99 100
12 61 22
12 32 65
12 34 83
12 97 57
12 24 97
12 45 63
12 59 6
12 69 92
12 58 90
12 72 38
12 3 3
12 43 98
12 46 76
12 19 81
12 57 74
12 52 10
12 88 96
94 8 74
94 40 83
94 16 24
94 53 69
94 70 17
94 48 72
94 62 11
94 26 17
94 25 60
94 66 79
94 99 20
94 61 40
94 32 27
94 34 57
94 97 48
94 24 100
94 45 13
94 59 20
94 69 12
94 58 31
94 72 11
94 3 73
94 43 52
94 46 58
94 19 49
94 57 45
94 52 89
94 88 72
94 12 85
27 8 31
27 40 17
27 16 78
27 53 39
27 70 71
27 48 26
27 62 30
27 26 10
27 25 84
27 66 31
27 99 74
27 61 27
27 32 17
27 34 77
27 97 32
27 24 35
27 45 21
27 59 71
27 69 88
27 58 67
27 72 37
27 3 95
27 43 35
27 46 14
27 19 53
27 57 37
27 52 84
27 88 97
27 12 34
27 94 6
33 8 86
33 40 12
33 16 66
33 53 39
33 70 6
33 48 13
33 62 50
33 26 77
33 25 47
33 66 18
33 99 68
33 61 75
33 32 75
33 34 19
33 97 74
33 24 99
33 45 11
33 59 78
33 69 1
33 58 54
33 72 40
33 3 2
33 43 16
33 46 31
33 19 61
33 57 25
33 52 32
33 88 9
33 12 91
33 94 57
33 27 94
4 8 28
4 40 90
4 16 17
4 53 44
4 70 41
4 48 48
4 62 92
4 26 83
4 25 77
4 66 85
4 99 76
4 61 17
4 32 13
4 34 79
4 97 96
4 24 61
4 45 41
4 59 95
4 69 40
4 58 13
4 72 43
4 3 31
4 43 76
4 46 81
4 19 35
4 57 27
4 52 14
4 88 17
4 12 16
4 94 30
4 27 37
4 33 37
67 8 93
67 40 82
67 16 86
67 53 22
67 70 93
67 48 30
67 62 30
67 26 26
67 25 33
67 66 100
67 99 96
67 61 61
67 32 82
67 34 22
67 97 45
67 24 98
67 45 19
67 59 87
67 69 100
67 58 21
67 72 58
67 3 12
67 43 48
67 46 71
67 19 44
67 57 52
67 52 69
67 88 3
67 12 13
67 94 80
67 27 50
67 33 9
67 4 14
92 8 30
92 40 32
92 16 26
92 53 87
92 70 89
92 48 78
92 62 93
92 26 100
92 25 41
92 66 51
92 99 59
92 61 48
92 32 53
92 34 2
92 97 9
92 24 73
92 45 70
92 59 20
92 69 95
92 58 100
92 72 41
92 3 39
92 43 27
92 46 26
92 19 68
92 57 44
92 52 44
92 88 15
92 12 96
92 94 87
92 27 75
92 33 41
92 4 26
92 67 28
13 8 40
13 40 71
13 16 73
13 53 75
13 70 38
13 48 83
13 62 27
13 26 57
13 25 77
13 66 25
13 99 39
13 61 41
13 32 31
13 34 94
13 97 72
13 24 45
13 45 100
13 59 35
13 69 41
13 58 18
13 72 40
13 3 31
13 43 70
13 46 38
13 19 10
13 57 93
13 52 78
13 88 42
13 12 21
13 94 33
13 27 45
13 33 38
13 4 76
13 67 62
13 92 18
14 8 96
14 40 77
14 16 23
14 53 81
14 70 57
14 48 65
14 62 63
14 26 14
14 25 95
14 66 34
14 99 27
14 61 8
14 32 87
14 34 25
14 97 31
14 24 33
14 45 10
14 59 15
14 69 65
14 58 96
14 72 64
14 3 23
14 43 68
14 46 94
14 19 11
14 57 73
14 52 35
14 88 82
14 12 44
14 94 36
14 27 81
14 33 3
14 4 49
14 67 84
14 92 81
14 13 17
49 8 27
49 40 63
49 16 29
49 53 85
49 70 42
49 48 48
49 62 92
49 26 84
49 25 84
49 66 92
49 99 52
49 61 65
49 32 8
49 34 84
49 97 8
49 24 89
49 45 35
49 59 63
49 69 77
49 58 63
49 72 18
49 3 7
49 43 29
49 46 46
49 19 57
49 57 23
49 52 49
49 88 17
49 12 66
49 94 41
49 27 31
49 33 33
49 4 75
49 67 82
49 92 39
49 13 95
49 14 51
21 8 53
21 40 15
21 16 97
21 53 10
21 70 32
21 48 61
21 62 96
21 26 38
21 25 60
21 66 1
21 99 24
21 61 14
21 32 20
21 34 43
21 97 90
21 24 34
21 45 43
21 59 76
21 69 81
21 58 9
21 72 65
21 3 33
21 43 51
21 46 81
21 19 21
21 57 84
21 52 77
21 88 78
21 12 3
21 94 1
21 27 43
21 33 15
21 4 41
21 67 64
21 92 38
21 13 87
21 14 74
21 49 46
90 8 49
90 40 21
90 16 28
90 53 76
90 70 67
90 48 59
90 62 93
90 26 2
90 25 19
90 66 16
90 99 19
90 61 86
90 32 70
90 34 77
90 97 11
90 24 24
90 45 53
90 59 99
90 69 48
90 58 86
90 72 12
90 3 56
90 43 85
90 46 38
90 19 95
90 57 83
90 52 11
90 88 56
90 12 66
90 94 22
90 27 82
90 33 66
90 4 48
90 67 11
90 92 97
90 13 5
90 14 98
90 49 43
90 21 60
100 8 24
100 40 12
100 16 65
100 53 41
100 70 78
100 48 87
100 62 34
100 26 60
100 25 18
100 66 34
100 99 32
100 61 47
100 32 95
100 34 44
100 97 85
100 24 4
100 45 70
100 59 93
100 69 68
100 58 32
100 72 83
100 3 97
100 43 13
100 46 11
100 19 73
100 57 55
100 52 46
100 88 73
100 12 58
100 94 1
100 27 95
100 33 89
100 4 96
100 67 30
100 92 61
100 13 18
100 14 30
100 49 99
100 21 62
100 90 59
73 8 47
73 40 8
73 16 100
73 53 71
73 70 77
73 48 30
73 62 50
73 26 94
73 25 8
73 66 21
73 99 34
73 61 27
73 32 11
73 34 75
73 97 80
73 24 37
73 45 48
73 59 96
73 69 48
73 58 38
73 72 73
73 3 15
73 43 13
73 46 94
73 19 8
73 57 11
73 52 77
73 88 22
73 12 11
73 94 8
73 27 40
73 33 52
73 4 88
73 67 11
73 92 98
73 13 30
73 14 79
73 49 12
73 21 58
73 90 67
73 100 42
63 8 81
63 40 94
63 16 30
63 53 59
63 70 11
63 48 84
63 62 62
63 26 47
63 25 18
63 66 39
63 99 49
63 61 48
63 32 75
63 34 33
63 97 27
63 24 26
63 45 56
63 59 9
63 69 79
63 58 100
63 72 36
63 3 21
63 43 76
63 46 92
63 19 54
63 57 28
63 52 98
63 88 22
63 12 15
63 94 44
63 27 19
63 33 23
63 4 12
63 67 62
63 92 80
63 13 40
63 14 86
63 49 71
63 21 8
63 90 63
63 100 90
63 73 6
44 8 22
44 40 42
44 16 18
44 53 38
44 70 7
44 48 68
44 62 77
44 26 69
44 25 93
44 66 78
44 99 74
44 61 48
44 32 19
44 34 17
44 97 71
44 24 8
44 45 51
44 59 61
44 69 8
44 58 37
44 72 78
44 3 55
44 43 81
44 46 14
44 19 73
44 57 2
44 52 30
44 88 38
44 12 24
44 94 16
44 27 10
44 33 66
44 4 52
44 67 6
44 92 88
44 13 51
44 14 2
44 49 41
44 21 42
44 90 89
44 100 17
44 73 63
44 63 14
74 8 56
74 40 20
74 16 52
74 53 4
74 70 58
74 48 27
74 62 32
74 26 86
74 25 58
74 66 66
74 99 23
74 61 39
74 32 93
74 34 52
74 97 71
74 24 66
74 45 85
74 59 62
74 69 59
74 58 48
74 72 11
74 3 95
74 43 61
74 46 93
74 19 91
74 57 14
74 52 27
74 88 11
74 12 76
74 94 12
74 27 17
74 33 60
74 4 41
74 67 12
74 92 88
74 13 35
74 14 28
74 49 41
74 21 45
74 90 2
74 100 97
74 73 66
74 63 78
74 44 92
64 8 58
64 40 20
64 16 51
64 53 99
64 70 62
64 48 75
64 62 28
64 26 10
64 25 41
64 66 40
64 99 73
64 61 52
64 32 92
64 34 91
64 97 58
64 24 83
64 45 7
64 59 56
64 69 30
64 58 59
64 72 60
64 3 11
64 43 59
64 46 79
64 19 50
64 57 17
64 52 62
64 88 32
64 12 52
64 94 66
64 27 12
64 33 18
64 4 82
64 67 22
64 92 85
64 13 97
64 14 32
64 49 6
64 21 71
64 90 40
64 100 34
64 73 77
64 63 11
64 44 54
64 74 62
11 8 87
11 40 81
11 16 26
11 53 48
11 70 17
11 48 91
11 62 15
11 26 96
11 25 59
11 66 81
11 99 25
11 61 69
11 32 33
11 34 70
11 97 67
11 24 4
11 45 21
11 59 43
11 69 88
11 58 75
11 72 63
11 3 19
11 43 71
11 46 38
11 19 99
11 57 40
11 52 57
11 88 93
11 12 73
11 94 29
11 27 52
11 33 44
11 4 4
11 67 63
11 92 93
11 13 60
11 14 19
11 49 46
11 21 93
11 90 55
11 100 44
11 73 40
11 63 91
11 44 22
11 74 76
11 64 50
18 8 65
18 40 1
18 16 70
18 53 37
18 70 48
18 48 57
18 62 24
18 26 99
18 25 25
18 66 93
18 99 96
18 61 84
18 32 48
18 34 19
18 97 44
18 24 47
18 45 53
18 59 93
18 69 50
18 58 6
18 72 83
18 3 93
18 43 33
18 46 62
18 19 69
18 57 32
18 52 45
18 88 64
18 12 33
18 94 76
18 27 5
18 33 91
18 4 48
18 67 4
18 92 62
18 13 95
18 14 28
18 49 97
18 21 78
18 90 26
18 100 15
18 73 84
18 63 99
18 44 10
18 74 65
18 64 21
18 11 15
22 8 63
22 40 84
22 16 87
22 53 32
22 70 89
22 48 89
22 62 22
22 26 67
22 25 91
22 66 6
22 99 21
22 61 71
22 32 51
22 34 14
22 97 87
22 24 90
22 45 87
22 59 62
22 69 90
22 58 21
22 72 50
22 3 64
22 43 33
22 46 65
22 19 61
22 57 60
22 52 65
22 88 14
22 12 29
22 94 15
22 27 23
22 33 1
22 4 36
22 67 29
22 92 9
22 13 34
22 14 59
22 49 53
22 21 49
22 90 63
22 100 46
22 73 63
22 63 52
22 44 66
22 74 76
22 64 59
22 11 96
22 18 23
85 8 22
85 40 62
85 16 36
85 53 22
85 70 75
85 48 19
85 62 1
85 26 47
85 25 73
85 66 82
85 99 2
85 61 68
85 32 33
85 34 96
85 97 11
85 24 89
85 45 63
85 59 57
85 69 31
85 58 20
85 72 9
85 3 79
85 43 87
85 46 79
85 19 17
85 57 17
85 52 2
85 88 9
85 12 85
85 94 29
85 27 100
85 33 61
85 4 42
85 67 58
85 92 67
85 13 83
85 14 46
85 49 17
85 21 78
85 90 34
85 100 83
85 73 51
85 63 76
85 44 8
85 74 18
85 64 45
85 11 38
85 18 63
85 22 86
7 8 23
7 40 13
7 16 68
7 53 77
7 70 14
7 48 69
7 62 51
7 26 53
7 25 54
7 66 58
7 99 85
7 61 34
7 32 22
7 34 68
7 97 73
7 24 45
7 45 76
7 59 73
7 69 58
7 58 29
7 72 99
7 3 90
7 43 94
7 46 46
7 19 7
7 57 8
7 52 86
7 88 76
7 12 99
7 94 31
7 27 99
7 33 20
7 4 67
7 67 75
7 92 8
7 13 4
7 14 13
7 49 59
7 21 46
7 90 45
7 100 13
7 73 9
7 63 25
7 44 99
7 74 13
7 64 48
7 11 46
7 18 11
7 22 79
7 85 38
56 8 64
56 40 96
56 16 11
56 53 8
56 70 50
56 48 54
56 62 37
56 26 62
56 25 62
56 66 32
56 99 62
56 61 18
56 32 34
56 34 90
56 97 42
56 24 76
56 45 59
56 59 87
56 69 45
56 58 68
56 72 3
56 3 35
56 43 86
56 46 40
56 19 52
56 57 34
56 52 9
56 88 6
56 12 91
56 94 74
56 27 50
56 33 9
56 4 72
56 67 95
56 92 75
56 13 6
56 14 25
56 49 84
56 21 83
56 90 64
56 100 66
56 73 28
56 63 29
56 44 11
56 74 72
56 64 10
56 11 6
56 18 41
56 22 95
56 85 59
56 7 70
84 8 10
84 40 1
84 16 83
84 53 92
84 70 87
84 48 34
84 62 43
84 26 98
84 25 82
84 66 13
84 99 12
84 61 8
84 32 16
84 34 11
84 97 90
84 24 21
84 45 99
84 59 96
84 69 27
84 58 29
84 72 90
84 3 59
84 43 79
84 46 97
84 19 94
84 57 95
84 52 94
84 88 78
84 12 91
84 94 17
84 27 2
84 33 45
84 4 42
84 67 24
84 92 36
84 13 99
84 14 6
84 49 86
84 21 15
84 90 7
84 100 83
84 73 38
84 63 45
84 44 6
84 74 16
84 64 96
84 11 14
84 18 81
84 22 83
84 85 17
84 7 36
84 56 3
79 8 41
79 40 38
79 16 43
79 53 21
79 70 10
79 48 14
79 62 99
79 26 58
79 25 21
79 66 66
79 99 56
79 61 65
79 32 21
79 34 70
79 97 70
79 24 86
79 45 80
79 59 81
79 69 57
79 58 76
79 72 95
79 3 85
79 43 1
79 46 42
79 19 53
79 57 12
79 52 97
79 88 74
79 12 66
79 94 32
79 27 54
79 33 68
79 4 55
79 67 30
79 92 53
79 13 68
79 14 9
79 49 58
79 21 43
79 90 36
79 100 77
79 73 79
79 63 73
79 44 43
79 74 91
79 64 69
79 11 61
79 18 88
79 22 5
79 85 89
79 7 2
79 56 66
79 84 96
35 8 41
35 40 11
35 16 81
35 53 34
35 70 93
35 48 73
35 62 79
35 26 98
35 25 4
35 66 53
35 99 93
35 61 71
35 32 44
35 34 48
35 97 20
35 24 1
35 45 22
35 59 9
35 69 67
35 58 2
35 72 62
35 3 33
35 43 78
35 46 61
35 19 18
35 57 39
35 52 84
35 88 85
35 12 93
35 94 10
35 27 80
35 33 31
35 4 13
35 67 72
35 92 14
35 13 24
35 14 61
35 49 63
35 21 78
35 90 18
35 100 29
35 73 12
35 63 74
35 44 72
35 74 34
35 64 68
35 11 88
35 18 32
35 22 38
35 85 20
35 7 65
35 56 12
35 84 68
35 79 3
5 8 77
5 40 53
5 16 17
5 53 54
5 70 98
5 48 100
5 62 3
5 26 3
5 25 44
5 66 90
5 99 97
5 61 6
5 32 35
5 34 42
5 97 40
5 24 78
5 45 18
5 59 19
5 69 18
5 58 71
5 72 74
5 3 7
5 43 83
5 46 42
5 19 86
5 57 74
5 52 98
5 88 90
5 12 51
5 94 42
5 27 19
5 33 35
5 4 33
5 67 65
5 92 88
5 13 58
5 14 67
5 49 7
5 21 93
5 90 37
5 100 28
5 73 96
5 63 91
5 44 7
5 74 18
5 64 22
5 11 3
5 18 62
5 22 55
5 85 65
5 7 32
5 56 9
5 84 28
5 79 4
5 35 99
1 8 43
1 40 7
1 16 22
1 53 14
1 70 11
1 48 19
1 62 17
1 26 67
1 25 60
1 66 18
1 99 12
1 61 36
1 32 99
1 34 16
1 97 91
1 24 18
1 45 90
1 59 17
1 69 86
1 58 9
1 72 37
1 3 73
1 43 57
1 46 63
1 19 2
1 57 61
1 52 4
1 88 26
1 12 100
1 94 89
1 27 70
1 33 65
1 4 9
1 67 21
1 92 22
1 13 46
1 14 93
1 49 7
1 21 67
1 90 6
1 100 77
1 73 88
1 63 34
1 44 60
1 74 49
1 64 45
1 11 21
1 18 99
1 22 82
1 85 100
1 7 83
1 56 60
1 84 39
1 79 13
1 35 47
1 5 78
6 8 88
6 40 16
6 16 7
6 53 18
6 70 44
6 48 17
6 62 2
6 26 74
6 25 29
6 66 57
6 99 14
6 61 58
6 32 23
6 34 9
6 97 56
6 24 71
6 45 49
6 59 68
6 69 17
6 58 18
6 72 96
6 3 60
6 43 36
6 46 22
6 19 52
6 57 73
6 52 79
6 88 76
6 12 45
6 94 92
6 27 68
6 33 93
6 4 99
6 67 70
6 92 78
6 13 84
6 14 48
6 49 63
6 21 94
6 90 35
6 100 47
6 73 55
6 63 35
6 44 90
6 74 38
6 64 37
6 11 32
6 18 61
6 22 14
6 85 5
6 7 60
6 56 88
6 84 80
6 79 16
6 35 95
6 5 76
6 1 90
17 8 53
17 40 73
17 16 89
17 53 32
17 70 86
17 48 69
17 62 33
17 26 76
17 25 62
17 66 27
17 99 65
17 61 81
17 32 92
17 34 59
17 97 80
17 24 40
17 45 100
17 59 94
17 69 12
17 58 78
17 72 34
17 3 44
17 43 60
17 46 68
17 19 56
17 57 47
17 52 90
17 88 27
17 12 65
17 94 42
17 27 42
17 33 7
17 4 5
17 67 58
17 92 65
17 13 13
17 14 81
17 49 98
17 21 75
17 90 75
17 100 68
17 73 83
17 63 2
17 44 54
17 74 16
17 64 5
17 11 44
17 18 42
17 22 12
17 85 62
17 7 4
17 56 54
17 84 67
17 79 79
17 35 97
17 5 60
17 1 43
17 6 44
75 8 10
75 40 59
75 16 56
75 53 49
75 70 78
75 48 66
75 62 69
75 26 49
75 25 26
75 66 36
75 99 53
75 61 17
75 32 34
75 34 66
75 97 92
75 24 45
75 45 46
75 59 78
75 69 97
75 58 79
75 72 94
75 3 8
75 43 78
75 46 53
75 19 54
75 57 71
75 52 45
75 88 82
75 12 39
75 94 78
75 27 57
75 33 65
75 4 3
75 67 15
75 92 31
75 13 27
75 14 79
75 49 72
75 21 4
75 90 5
75 100 60
75 73 53
75 63 2
75 44 18
75 74 55
75 64 8
75 11 37
75 18 64
75 22 89
75 85 11
75 7 95
75 56 46
75 84 96
75 79 1
75 35 85
75 5 32
75 1 30
75 6 92
75 17 93
83 8 56
83 40 31
83 16 26
83 53 24
83 70 47
83 48 40
83 62 41
83 26 36
83 25 34
83 66 79
83 99 87
83 61 80
83 32 20
83 34 22
83 97 94
83 24 46
83 45 66
83 59 77
83 69 97
83 58 60
83 72 100
83 3 78
83 43 26
83 46 96
83 19 64
83 57 62
83 52 91
83 88 22
83 12 35
83 94 86
83 27 100
83 33 82
83 4 27
83 67 92
83 92 63
83 13 52
83 14 48
83 49 83
83 21 85
83 90 89
83 100 20
83 73 28
83 63 23
83 44 59
83 74 73
83 64 11
83 11 83
83 18 70
83 22 72
83 85 24
83 7 72
83 56 90
83 84 15
83 79 76
83 35 33
83 5 82
83 1 35
83 6 33
83 17 68
83 75 75
60 8 49
60 40 77
60 16 43
60 53 81
60 70 99
60 48 97
60 62 36
60 26 24
60 25 46
60 66 13
60 99 91
60 61 90
60 32 62
60 34 87
60 97 64
60 24 56
60 45 54
60 59 78
60 69 50
60 58 83
60 72 84
60 3 8
60 43 78
60 46 44
60 19 28
60 57 29
60 52 93
60 88 40
60 12 37
60 94 64
60 27 75
60 33 17
60 4 95
60 67 59
60 92 56
60 13 94
60 14 27
60 49 23
60 21 25
60 90 26
60 100 60
60 73 97
60 63 57
60 44 43
60 74 39
60 64 59
60 11 90
60 18 79
60 22 99
60 85 4
60 7 19
60 56 13
60 84 94
60 79 33
60 35 73
60 5 20
60 1 24
60 6 44
60 17 70
60 75 52
60 83 81
39 8 16
39 40 23
39 16 4
39 53 38
39 70 12
39 48 30
39 62 58
39 26 48
39 25 79
39 66 3
39 99 19
39 61 92
39 32 90
39 34 72
39 97 83
39 24 88
39 45 88
39 59 9
39 69 44
39 58 94
39 72 76
39 3 81
39 43 89
39 46 76
39 19 98
39 57 66
39 52 72
39 88 38
39 12 93
39 94 61
39 27 60
39 33 49
39 4 58
39 67 82
39 92 14
39 13 63
39 14 97
39 49 80
39 21 87
39 90 73
39 100 85
39 73 57
39 63 12
39 44 69
39 74 24
39 64 84
39 11 35
39 18 20
39 22 7
39 85 61
39 7 30
39 56 32
39 84 92
39 79 59
39 35 51
39 5 32
39 1 88
39 6 6
39 17 69
39 75 9
39 83 77
39 60 30
82 8 70
82 40 76
82 16 55
82 53 11
82 70 56
82 48 32
82 62 94
82 26 13
82 25 76
82 66 74
82 99 78
82 61 81
82 32 44
82 34 48
82 97 16
82 24 23
82 45 77
82 59 86
82 69 20
82 58 77
82 72 40
82 3 27
82 43 67
82 46 92
82 19 34
82 57 74
82 52 53
82 88 57
82 12 72
82 94 52
82 27 73
82 33 48
82 4 66
82 67 38
82 92 98
82 13 75
82 14 29
82 49 42
82 21 37
82 90 3
82 100 47
82 73 100
82 63 36
82 44 46
82 74 5
82 64 86
82 11 12
82 18 96
82 22 91
82 85 47
82 7 2
82 56 63
82 84 48
82 79 45
82 35 11
82 5 39
82 1 48
82 6 47
82 17 72
82 75 78
82 83 81
82 60 42
82 39 87
36 8 75
36 40 82
36 16 33
36 53 27
36 70 26
36 48 92
36 62 49
36 26 29
36 25 92
36 66 52
36 99 81
36 61 92
36 32 87
36 34 15
36 97 93
36 24 16
36 45 83
36 59 46
36 69 15
36 58 73
36 72 81
36 3 51
36 43 8
36 46 54
36 19 70
36 57 90
36 52 72
36 88 93
36 12 27
36 94 16
36 27 52
36 33 6
36 4 4
36 67 68
36 92 16
36 13 52
36 14 67
36 49 58
36 21 100
36 90 61
36 100 86
36 73 2
36 63 86
36 44 64
36 74 23
36 64 17
36 11 9
36 18 48
36 22 72
36 85 34
36 7 77
36 56 51
36 84 20
36 79 85
36 35 64
36 5 25
36 1 14
36 6 12
36 17 88
36 75 86
36 83 77
36 60 83
36 39 67
36 82 16
80 8 83
80 40 23
80 16 30
80 53 95
80 70 8
80 48 55
80 62 22
80 26 14
80 25 53
80 66 95
80 99 89
80 61 22
80 32 14
80 34 37
80 97 37
80 24 5
80 45 82
80 59 50
80 69 46
80 58 65
80 72 21
80 3 10
80 43 3
80 46 46
80 19 38
80 57 22
80 52 36
80 88 39
80 12 21
80 94 84
80 27 17
80 33 44
80 4 51
80 67 32
80 92 42
80 13 18
80 14 49
80 49 30
80 21 60
80 90 98
80 100 75
80 73 92
80 63 85
80 44 47
80 74 98
80 64 69
80 11 79
80 18 30
80 22 52
80 85 34
80 7 97
80 56 17
80 84 45
80 79 49
80 35 28
80 5 11
80 1 23
80 6 47
80 17 8
80 75 79
80 83 17
80 60 13
80 39 93
80 82 65
80 36 37
68 8 62
68 40 65
68 16 59
68 53 46
68 70 60
68 48 4
68 62 52
68 26 38
68 25 13
68 66 83
68 99 36
68 61 21
68 32 70
68 34 41
68 97 21
68 24 61
68 45 89
68 59 79
68 69 6
68 58 49
68 72 46
68 3 7
68 43 67
68 46 90
68 19 3
68 57 66
68 52 6
68 88 27
68 12 27
68 94 85
68 27 83
68 33 12
68 4 75
68 67 83
68 92 83
68 13 7
68 14 36
68 49 58
68 21 1
68 90 55
68 100 19
68 73 90
68 63 84
68 44 15
68 74 41
68 64 91
68 11 66
68 18 92
68 22 63
68 85 22
68 7 86
68 56 68
68 84 22
68 79 4
68 35 64
68 5 88
68 1 69
68 6 80
68 17 56
68 75 51
68 83 45
68 60 51
68 39 81
68 82 51
68 36 62
68 80 28
20 8 38
20 40 86
20 16 97
20 53 32
20 70 11
20 48 53
20 62 51
20 26 13
20 25 63
20 66 37
20 99 24
20 61 100
20 32 92
20 34 62
20 97 75
20 24 57
20 45 63
20 59 52
20 69 55
20 58 96
20 72 76
20 3 85
20 43 22
20 46 96
20 19 78
20 57 13
20 52 94
20 88 30
20 12 40
20 94 8
20 27 95
20 33 83
20 4 72
20 67 74
20 92 7
20 13 24
20 14 10
20 49 49
20 21 48
20 90 48
20 100 19
20 73 33
20 63 56
20 44 62
20 74 85
20 64 86
20 11 5
20 18 84
20 22 85
20 85 25
20 7 72
20 56 16
20 84 16
20 79 83
20 35 54
20 5 78
20 1 23
20 6 44
20 17 14
20 75 48
20 83 35
20 60 49
20 39 94
20 82 13
20 36 5
20 80 75
20 68 83
37 8 74
37 40 9
37 16 58
37 53 34
37 70 46
37 48 63
37 62 52
37 26 95
37 25 30
37 66 94
37 99 80
37 61 100
37 32 23
37 34 26
37 97 36
37 24 27
37 45 49
37 59 96
37 69 80
37 58 62
37 72 84
37 3 55
37 43 23
37 46 4
37 19 23
37 57 42
37 52 43
37 88 53
37 12 12
37 94 6
37 27 14
37 33 6
37 4 29
37 67 79
37 92 62
37 13 17
37 14 64
37 49 78
37 21 34
37 90 61
37 100 46
37 73 10
37 63 82
37 44 41
37 74 60
37 64 1
37 11 86
37 18 29
37 22 5
37 85 11
37 7 100
37 56 70
37 84 17
37 79 12
37 35 30
37 5 61
37 1 32
37 6 6
37 17 1
37 75 62
37 83 97
37 60 81
37 39 67
37 82 77
37 36 59
37 80 66
37 68 100
37 20 15
65 8 10
65 40 94
65 16 44
65 53 74
65 70 18
65 48 72
65 62 36
65 26 71
65 25 50
65 66 77
65 99 37
65 61 9
65 32 40
65 34 52
65 97 37
65 24 91
65 45 49
65 59 25
65 69 20
65 58 60
65 72 8
65 3 23
65 43 42
65 46 78
65 19 13
65 57 6
65 52 76
65 88 86
65 12 56
65 94 20
65 27 61
65 33 81
65 4 89
65 67 69
65 92 65
65 13 17
65 14 78
65 49 86
65 21 15
65 90 12
65 100 21
65 73 16
65 63 76
65 44 70
65 74 74
65 64 51
65 11 48
65 18 97
65 22 82
65 85 72
65 7 40
65 56 76
65 84 26
65 79 45
65 35 37
65 5 100
65 1 5
65 6 52
65 17 97
65 75 80
65 83 54
65 60 49
65 39 6
65 82 78
65 36 46
65 80 72
65 68 83
65 20 7
65 37 29
77 8 32
77 40 15
77 16 96
77 53 93
77 70 1
77 48 31
77 62 3
77 26 97
77 25 61
77 66 72
77 99 53
77 61 18
77 32 49
77 34 54
77 97 35
77 24 54
77 45 49
77 59 89
77 69 63
77 58 16
77 72 99
77 3 73
77 43 100
77 46 18
77 19 10
77 57 64
77 52 100
77 88 11
77 12 24
77 94 71
77 27 41
77 33 38
77 4 36
77 67 60
77 92 62
77 13 90
77 14 7
77 49 73
77 21 30
77 90 65
77 100 44
77 73 67
77 63 10
77 44 52
77 74 48
77 64 78
77 11 82
77 18 15
77 22 37
77 85 88
77 7 74
77 56 14
77 84 45
77 79 20
77 35 47
77 5 67
77 1 24
77 6 9
77 17 80
77 75 78
77 83 31
77 60 40
77 39 92
77 82 86
77 36 37
77 80 34
77 68 55
77 20 22
77 37 38
77 65 1
91 8 79
91 40 90
91 16 60
91 53 77
91 70 45
91 48 100
91 62 93
91 26 81
91 25 17
91 66 63
91 99 60
91 61 82
91 32 32
91 34 91
91 97 63
91 24 69
91 45 27
91 59 38
91 69 13
91 58 34
91 72 24
91 3 89
91 43 87
91 46 47
91 19 17
91 57 8
91 52 73
91 88 81
91 12 6
91 94 75
91 27 54
91 33 10
91 4 86
91 67 37
91 92 21
91 13 4
91 14 38
91 49 50
91 21 72
91 90 75
91 100 57
91 73 64
91 63 54
91 44 78
91 74 83
91 64 76
91 11 100
91 18 60
91 22 85
91 85 67
91 7 23
91 56 78
91 84 32
91 79 12
91 35 63
91 5 59
91 1 59
91 6 27
91 17 96
91 75 9
91 83 45
91 60 80
91 39 85
91 82 65
91 36 17
91 80 29
91 68 87
91 20 90
91 37 67
91 65 73
91 77 37
95 8 36
95 40 58
95 16 49
95 53 66
95 70 8
95 48 74
95 62 62
95 26 56
95 25 31
95 66 88
95 99 27
95 61 48
95 32 76
95 34 13
95 97 62
95 24 37
95 45 89
95 59 86
95 69 11
95 58 48
95 72 48
95 3 20
95 43 63
95 46 62
95 19 40
95 57 58
95 52 46
95 88 84
95 12 64
95 94 88
95 27 41
95 33 67
95 4 10
95 67 91
95 92 88
95 13 10
95 14 26
95 49 94
95 21 53
95 90 95
95 100 87
95 73 10
95 63 52
95 44 94
95 74 31
95 64 20
95 11 46
95 18 39
95 22 80
95 85 87
95 7 6
95 56 34
95 84 21
95 79 74
95 35 83
95 5 31
95 1 20
95 6 79
95 17 4
95 75 100
95 83 81
95 60 22
95 39 56
95 82 81
95 36 47
95 80 28
95 68 22
95 20 47
95 37 32
95 65 95
95 77 39
95 91 63
38 8 90
38 40 99
38 16 42
38 53 23
38 70 25
38 48 20
38 62 66
38 26 98
38 25 47
38 66 53
38 99 30
38 61 9
38 32 35
38 34 45
38 97 21
38 24 24
38 45 59
38 59 98
38 69 52
38 58 50
38 72 17
38 3 96
38 43 21
38 46 5
38 19 29
38 57 83
38 52 35
38 88 50
38 12 82
38 94 33
38 27 40
38 33 91
38 4 23
38 67 100
38 92 69
38 13 98
38 14 57
38 49 28
38 21 33
38 90 12
38 100 96
38 73 72
38 63 6
38 44 66
38 74 69
38 64 38
38 11 33
38 18 11
38 22 84
38 85 96
38 7 76
38 56 91
38 84 3
38 79 68
38 35 57
38 5 89
38 1 59
38 6 28
38 17 99
38 75 2
38 83 77
38 60 4
38 39 28
38 82 32
38 36 46
38 80 44
38 68 66
38 20 45
38 37 23
38 65 48
38 77 59
38 91 3
38 95 53
2 8 82
2 40 3
2 16 81
2 53 88
2 70 82
2 48 84
2 62 33
2 26 7
2 25 57
2 66 72
2 99 21
2 61 62
2 32 5
2 34 83
2 97 30
2 24 14
2 45 70
2 59 50
2 69 40
2 58 29
2 72 88
2 3 59
2 43 34
2 46 14
2 19 70
2 57 44
2 52 19
2 88 46
2 12 36
2 94 89
2 27 74
2 33 53
2 4 48
2 67 88
2 92 58
2 13 78
2 14 48
2 49 4
2 21 61
2 90 71
2 100 84
2 73 5
2 63 23
2 44 57
2 74 64
2 64 19
2 11 94
2 18 30
2 22 94
2 85 58
2 7 21
2 56 74
2 84 39
2 79 23
2 35 28
2 5 80
2 1 38
2 6 44
2 17 88
2 75 74
2 83 64
2 60 44
2 39 85
2 82 47
2 36 87
2 80 96
2 68 27
2 20 6
2 37 96
2 65 24
2 77 43
2 91 4
2 95 68
2 38 29
55 8 6
55 40 25
55 16 89
55 53 70
55 70 83
55 48 20
55 62 8
55 26 85
55 25 84
55 66 97
55 99 91
55 61 60
55 32 20
55 34 83
55 97 73
55 24 60
55 45 32
55 59 18
55 69 25
55 58 51
55 72 8
55 3 97
55 43 35
55 46 66
55 19 36
55 57 84
55 52 96
55 88 54
55 12 76
55 94 90
55 27 15
55 33 17
55 4 58
55 67 62
55 92 69
55 13 62
55 14 45
55 49 38
55 21 67
55 90 59
55 100 40
55 73 54
55 63 69
55 44 55
55 74 24
55 64 100
55 11 4
55 18 62
55 22 79
55 85 37
55 7 12
55 56 59
55 84 17
55 79 70
55 35 26
55 5 77
55 1 47
55 6 1
55 17 89
55 75 45
55 83 43
55 60 71
55 39 64
55 82 37
55 36 61
55 80 5
55 68 76
55 20 88
55 37 10
55 65 19
55 77 36
55 91 47
55 95 48
55 38 82
55 2 68
47 8 99
47 40 87
47 16 77
47 53 77
47 70 29
47 48 62
47 62 98
47 26 36
47 25 70
47 66 22
47 99 16
47 61 76
47 32 88
47 34 92
47 97 65
47 24 14
47 45 92
47 59 81
47 69 33
47 58 72
47 72 29
47 3 80
47 43 55
47 46 93
47 19 60
47 57 20
47 52 98
47 88 23
47 12 48
47 94 27
47 27 91
47 33 79
47 4 50
47 67 74
47 92 38
47 13 59
47 14 47
47 49 70
47 21 51
47 90 31
47 100 35
47 73 18
47 63 83
47 44 65
47 74 17
47 64 19
47 11 14
47 18 28
47 22 26
47 85 43
47 7 63
47 56 97
47 84 74
47 79 65
47 35 89
47 5 55
47 1 68
47 6 74
47 17 80
47 75 53
47 83 9
47 60 53
47 39 4
47 82 15
47 36 71
47 80 40
47 68 97
47 20 87
47 37 3
47 65 27
47 77 49
47 91 52
47 95 58
47 38 72
47 2 40
47 55 93
51 8 38
51 40 56
51 16 37
51 53 49
51 70 32
51 48 90
51 62 31
51 26 29
51 25 88
51 66 49
51 99 45
51 61 87
51 32 73
51 34 19
51 97 24
51 24 72
51 45 72
51 59 74
51 69 91
51 58 92
51 72 86
51 3 71
51 43 90
51 46 79
51 19 81
51 57 17
51 52 24
51 88 17
51 12 13
51 94 43
51 27 74
51 33 77
51 4 7
51 67 95
51 92 64
51 13 16
51 14 65
51 49 52
51 21 59
51 90 90
51 100 33
51 73 87
51 63 73
51 44 37
51 74 4
51 64 100
51 11 55
51 18 24
51 22 31
51 85 37
51 7 21
51 56 57
51 84 98
51 79 15
51 35 62
51 5 15
51 1 19
51 6 39
51 17 6
51 75 65
51 83 100
51 60 57
51 39 28
51 82 32
51 36 88
51 80 53
51 68 71
51 20 26
51 37 79
51 65 44
51 77 5
51 91 14
51 95 19
51 38 22
51 2 73
51 55 13
51 47 47
23 8 92
23 40 68
23 16 10
23 53 88
23 70 29
23 48 23
23 62 90
23 26 34
23 25 23
23 66 96
23 99 40
23 61 84
23 32 53
23 34 72
23 97 40
23 24 55
23 45 92
23 59 52
23 69 21
23 58 79
23 72 85
23 3 81
23 43 49
23 46 63
23 19 68
23 57 78
23 52 56
23 88 67
23 12 20
23 94 93
23 27 54
23 33 41
23 4 18
23 67 37
23 92 56
23 13 18
23 14 81
23 49 7
23 21 9
23 90 55
23 100 66
23 73 89
23 63 39
23 44 83
23 74 74
23 64 28
23 11 95
23 18 35
23 22 1
23 85 43
23 7 63
23 56 34
23 84 57
23 79 78
23 35 3
23 5 71
23 1 13
23 6 38
23 17 63
23 75 45
23 83 43
23 60 85
23 39 44
23 82 60
23 36 97
23 80 34
23 68 46
23 20 94
23 37 97
23 65 55
23 77 96
23 91 24
23 95 31
23 38 52
23 2 53
23 55 29
23 47 51
23 51 88
31 8 64
31 40 49
31 16 98
31 53 100
31 70 56
31 48 17
31 62 43
31 26 89
31 25 7
31 66 13
31 99 48
31 61 78
31 32 14
31 34 56
31 97 39
31 24 84
31 45 45
31 59 68
31 69 63
31 58 41
31 72 25
31 3 28
31 43 54
31 46 35
31 19 34
31 57 50
31 52 11
31 88 19
31 12 80
31 94 1
31 27 60
31 33 87
31 4 22
31 67 29
31 92 7
31 13 85
31 14 92
31 49 51
31 21 74
31 90 88
31 100 46
31 73 36
31 63 35
31 44 79
31 74 72
31 64 29
31 11 65
31 18 31
31 22 68
31 85 92
31 7 64
31 56 61
31 84 98
31 79 41
31 35 78
31 5 17
31 1 82
31 6 43
31 17 14
31 75 99
31 83 23
31 60 1
31 39 67
31 82 16
31 36 80
31 80 28
31 68 72
31 20 76
31 37 3
31 65 64
31 77 80
31 91 37
31 95 45
31 38 45
31 2 31
31 55 93
31 47 19
31 51 62
31 23 73
78 8 32
78 40 24
78 16 86
78 53 61
78 70 5
78 48 56
78 62 73
78 26 48
78 25 93
78 66 45
78 99 58
78 61 21
78 32 96
78 34 47
78 97 23
78 24 84
78 45 48
78 59 70
78 69 22
78 58 55
78 72 68
78 3 32
78 43 26
78 46 94
78 19 41
78 57 87
78 52 79
78 88 73
78 12 56
78 94 57
78 27 91
78 33 50
78 4 43
78 67 95
78 92 13
78 13 48
78 14 9
78 49 67
78 21 98
78 90 21
78 100 93
78 73 27
78 63 83
78 44 93
78 74 54
78 64 63
78 11 21
78 18 76
78 22 9
78 85 37
78 7 17
78 56 77
78 84 15
78 79 89
78 35 66
78 5 14
78 1 80
78 6 90
78 17 57
78 75 71
78 83 76
78 60 88
78 39 80
78 82 60
78 36 24
78 80 88
78 68 74
78 20 65
78 37 81
78 65 26
78 77 4
78 91 53
78 95 53
78 38 100
78 2 9
78 55 82
78 47 65
78 51 27
78 23 34
78 31 55
10 8 36
10 40 41
10 16 62
10 53 81
10 70 48
10 48 23
10 62 39
10 26 95
10 25 53
10 66 15
10 99 33
10 61 50
10 32 35
10 34 36
10 97 57
10 24 15
10 45 69
10 59 90
10 69 44
10 58 95
10 72 90
10 3 44
10 43 17
10 46 38
10 19 47
10 57 51
10 52 88
10 88 29
10 12 15
10 94 32
10 27 23
10 33 53
10 4 51
10 67 34
10 92 27
10 13 1
10 14 64
10 49 20
10 21 89
10 90 13
10 100 7
10 73 75
10 63 30
10 44 96
10 74 66
10 64 99
10 11 50
10 18 64
10 22 48
10 85 66
10 7 85
10 56 26
10 84 62
10 79 66
10 35 18
10 5 68
10 1 58
10 6 52
10 17 79
10 75 58
10 83 63
10 60 22
10 39 81
10 82 2
10 36 86
10 80 97
10 68 58
10 20 94
10 37 57
10 65 78
10 77 86
10 91 36
10 95 91
10 38 91
10 2 3
10 55 81
10 47 4
10 51 76
10 23 26
10 31 41
10 78 6
93 8 51
93 40 50
93 16 9
93 53 88
93 70 10
93 48 90
93 62 68
93 26 78
93 25 4
93 66 41
93 99 74
93 61 29
93 32 62
93 34 42
93 97 44
93 24 7
93 45 21
93 59 96
93 69 58
93 58 23
93 72 36
93 3 5
93 43 8
93 46 63
93 19 92
93 57 92
93 52 45
93 88 65
93 12 23
93 94 75
93 27 45
93 33 45
93 4 41
93 67 51
93 92 8
93 13 92
93 14 92
93 49 84
93 21 52
93 90 18
93 100 57
93 73 39
93 63 21
93 44 50
93 74 94
93 64 81
93 11 89
93 18 54
93 22 71
93 85 17
93 7 51
93 56 78
93 84 69
93 79 98
93 35 77
93 5 42
93 1 93
93 6 91
93 17 18
93 75 83
93 83 5
93 60 92
93 39 88
93 82 87
93 36 40
93 80 54
93 68 48
93 20 93
93 37 10
93 65 36
93 77 9
93 91 39
93 95 21
93 38 78
93 2 13
93 55 2
93 47 47
93 51 38
93 23 45
93 31 51
93 78 97
93 10 83
89 8 81
89 40 77
89 16 40
89 53 61
89 70 16
89 48 60
89 62 3
89 26 51
89 25 8
89 66 25
89 99 74
89 61 77
89 32 1
89 34 43
89 97 79
89 24 61
89 45 5
89 59 100
89 69 93
89 58 48
89 72 59
89 3 54
89 43 26
89 46 10
89 19 62
89 57 70
89 52 36
89 88 52
89 12 53
89 94 74
89 27 57
89 33 74
89 4 47
89 67 43
89 92 54
89 13 88
89 14 99
89 49 68
89 21 79
89 90 50
89 100 66
89 73 10
89 63 58
89 44 53
89 74 38
89 64 66
89 11 68
89 18 55
89 22 26
89 85 35
89 7 18
89 56 52
89 84 38
89 79 28
89 35 40
89 5 6
89 1 29
89 6 76
89 17 9
89 75 97
89 83 39
89 60 48
89 39 35
89 82 61
89 36 32
89 80 50
89 68 19
89 20 13
89 37 54
89 65 100
89 77 45
89 91 63
89 95 88
89 38 89
89 2 99
89 55 61
89 47 27
89 51 96
89 23 64
89 31 21
89 78 63
89 10 53
89 93 63
86 8 17
86 40 55
86 16 99
86 53 97
86 70 27
86 48 97
86 62 4
86 26 76
86 25 27
86 66 6
86 99 12
86 61 19
86 32 100
86 34 81
86 97 39
86 24 63
86 45 38
86 59 25
86 69 57
86 58 6
86 72 68
86 3 36
86 43 84
86 46 1
86 19 6
86 57 47
86 52 33
86 88 51
86 12 83
86 94 15
86 27 75
86 33 49
86 4 44
86 67 5
86 92 16
86 13 35
86 14 97
86 49 80
86 21 81
86 90 1
86 100 83
86 73 48
86 63 3
86 44 8
86 74 18
86 64 81
86 11 71
86 18 19
86 22 78
86 85 29
86 7 73
86 56 57
86 84 38
86 79 55
86 35 15
86 5 61
86 1 66
86 6 40
86 17 61
86 75 96
86 83 87
86 60 69
86 39 94
86 82 86
86 36 62
86 80 29
86 68 11
86 20 97
86 37 6
86 65 29
86 77 71
86 91 95
86 95 67
86 38 13
86 2 82
86 55 4
86 47 59
86 51 67
86 23 84
86 31 97
86 78 96
86 10 93
86 93 88
86 89 97
30 8 54
30 40 9
30 16 19
30 53 82
30 70 53
30 48 73
30 62 68
30 26 89
30 25 87
30 66 85
30 99 54
30 61 75
30 32 77
30 34 30
30 97 69
30 24 90
30 45 28
30 59 46
30 69 51
30 58 80
30 72 97
30 3 36
30 43 55
30 46 95
30 19 9
30 57 82
30 52 9
30 88 33
30 12 96
30 94 84
30 27 35
30 33 66
30 4 7
30 67 59
30 92 11
30 13 76
30 14 82
30 49 3
30 21 36
30 90 1
30 100 96
30 73 79
30 63 86
30 44 45
30 74 40
30 64 56
30 11 29
30 18 47
30 22 74
30 85 16
30 7 59
30 56 32
30 84 58
30 79 69
30 35 100
30 5 34
30 1 17
30 6 59
30 17 26
30 75 98
30 83 95
30 60 3
30 39 99
30 82 90
30 36 93
30 80 75
30 68 20
30 20 62
30 37 66
30 65 31
30 77 56
30 91 11
30 95 87
30 38 72
30 2 27
30 55 84
30 47 6
30 51 86
30 23 16
30 31 46
30 78 47
30 10 11
30 93 75
30 89 19
30 86 90
42 8 14
42 40 53
42 16 65
42 53 15
42 70 95
42 48 6
42 62 78
42 26 61
42 25 46
42 66 60
42 99 82
42 61 26
42 32 89
42 34 83
42 97 54
42 24 26
42 45 67
42 59 74
42 69 58
42 58 48
42 72 31
42 3 76
42 43 5
42 46 20
42 19 85
42 57 43
42 52 49
42 88 92
42 12 65
42 94 71
42 27 39
42 33 21
42 4 12
42 67 26
42 92 92
42 13 75
42 14 10
42 49 96
42 21 66
42 90 80
42 100 62
42 73 26
42 63 67
42 44 7
42 74 24
42 64 3
42 11 51
42 18 98
42 22 63
42 85 3
42 7 48
42 56 83
42 84 50
42 79 50
42 35 79
42 5 38
42 1 46
42 6 26
42 17 95
42 75 59
42 83 4
42 60 100
42 39 79
42 82 54
42 36 66
42 80 92
42 68 28
42 20 67
42 37 63
42 65 68
42 77 57
42 91 21
42 95 17
42 38 70
42 2 39
42 55 49
42 47 47
42 51 81
42 23 65
42 31 30
42 78 15
42 10 6
42 93 27
42 89 39
42 86 3
42 30 18
50 8 32
50 40 69
50 16 54
50 53 99
50 70 43
50 48 100
50 62 73
50 26 55
50 25 33
50 66 54
50 99 63
50 61 55
50 32 90
50 34 41
50 97 95
50 24 8
50 45 100
50 59 16
50 69 14
50 58 68
50 72 22
50 3 79
50 43 51
50 46 67
50 19 77
50 57 76
50 52 17
50 88 31
50 12 80
50 94 5
50 27 99
50 33 12
50 4 76
50 67 19
50 92 25
50 13 90
50 14 3
50 49 18
50 21 7
50 90 56
50 100 74
50 73 27
50 63 52
50 44 92
50 74 39
50 64 44
50 11 2
50 18 53
50 22 46
50 85 86
50 7 71
50 56 38
50 84 76
50 79 79
50 35 27
50 5 30
50 1 47
50 6 93
50 17 55
50 75 2
50 83 11
50 60 94
50 39 65
50 82 9
50 36 90
50 80 96
50 68 58
50 20 93
50 37 44
50 65 61
50 77 55
50 91 19
50 95 28
50 38 93
50 2 53
50 55 82
50 47 18
50 51 77
50 23 15
50 31 24
50 78 73
50 10 22
50 93 42
50 89 92
50 86 60
50 30 53
50 42 75
15 8 66
15 40 30
15 16 69
15 53 43
15 70 78
15 48 75
15 62 68
15 26 12
15 25 33
15 66 36
15 99 40
15 61 64
15 32 77
15 34 80
15 97 56
15 24 48
15 45 36
15 59 26
15 69 95
15 58 78
15 72 89
15 3 9
15 43 79
15 46 29
15 19 68
15 57 63
15 52 88
15 88 93
15 12 77
15 94 20
15 27 94
15 33 22
15 4 84
15 67 68
15 92 34
15 13 89
15 14 65
15 49 27
15 21 90
15 90 57
15 100 86
15 73 81
15 63 67
15 44 93
15 74 16
15 64 5
15 11 74
15 18 27
15 22 73
15 85 66
15 7 12
15 56 67
15 84 47
15 79 37
15 35 12
15 5 44
15 1 49
15 6 94
15 17 30
15 75 23
15 83 50
15 60 47
15 39 66
15 82 63
15 36 54
15 80 72
15 68 49
15 20 48
15 37 3
15 65 100
15 77 63
15 91 44
15 95 97
15 38 91
15 2 8
15 55 98
15 47 84
15 51 23
15 23 40
15 31 35
15 78 98
15 10 87
15 93 90
15 89 40
15 86 27
15 30 75
15 42 35
15 50 84
29 8 39
29 40 58
29 16 36
29 53 37
29 70 2
29 48 91
29 62 2
29 26 3
29 25 75
29 66 40
29 99 27
29 61 36
29 32 44
29 34 72
29 97 70
29 24 47
29 45 80
29 59 29
29 69 24
29 58 81
29 72 19
29 3 21
29 43 28
29 46 35
29 19 22
29 57 22
29 52 52
29 88 11
29 12 18
29 94 99
29 27 92
29 33 57
29 4 16
29 67 62
29 92 12
29 13 98
29 14 84
29 49 24
29 21 72
29 90 1
29 100 63
29 73 50
29 63 72
29 44 79
29 74 73
29 64 18
29 11 6
29 18 45
29 22 51
29 85 22
29 7 79
29 56 2
29 84 43
29 79 79
29 35 63
29 5 20
29 1 97
29 6 70
29 17 66
29 75 96
29 83 42
29 60 90
29 39 79
29 82 28
29 36 45
29 80 38
29 68 84
29 20 3
29 37 54
29 65 67
29 77 8
29 91 74
29 95 39
29 38 83
29 2 47
29 55 3
29 47 37
29 51 75
29 23 42
29 31 55
29 78 78
29 10 49
29 93 18
29 89 11
29 86 54
29 30 33
29 42 84
29 50 22
29 15 92
28 8 59
28 40 44
28 16 24
28 53 46
28 70 19
28 48 75
28 62 99
28 26 51
28 25 21
28 66 64
28 99 33
28 61 72
28 32 29
28 34 1
28 97 76
28 24 71
28 45 31
28 59 24
28 69 50
28 58 79
28 72 5
28 3 45
28 43 18
28 46 71
28 19 64
28 57 14
28 52 88
28 88 68
28 12 88
28 94 13
28 27 93
28 33 76
28 4 67
28 67 60
28 92 72
28 13 82
28 14 29
28 49 17
28 21 81
28 90 56
28 100 9
28 73 63
28 63 82
28 44 36
28 74 20
28 64 91
28 11 44
28 18 39
28 22 5
28 85 23
28 7 20
28 56 78
28 84 25
28 79 45
28 35 100
28 5 67
28 1 94
28 6 9
28 17 26
28 75 17
28 83 87
28 60 35
28 39 87
28 82 97
28 36 96
28 80 49
28 68 35
28 20 59
28 37 75
28 65 71
28 77 6
28 91 46
28 95 45
28 38 91
28 2 25
28 55 47
28 47 28
28 51 22
28 23 5
28 31 56
28 78 59
28 10 22
28 93 46
28 89 97
28 86 6
28 30 25
28 42 74
28 50 63
28 15 5
28 29 73
81 8 98
81 40 74
81 16 45
81 53 63
81 70 44
81 48 73
81 62 37
81 26 64
81 25 30
81 66 22
81 99 98
81 61 89
81 32 18
81 34 40
81 97 27
81 24 62
81 45 37
81 59 76
81 69 3
81 58 14
81 72 93
81 3 73
81 43 54
81 46 23
81 19 7
81 57 87
81 52 99
81 88 100
81 12 49
81 94 97
81 27 18
81 33 62
81 4 7
81 67 42
81 92 46
81 13 48
81 14 36
81 49 7
81 21 17
81 90 92
81 100 71
81 73 63
81 63 68
81 44 92
81 74 11
81 64 62
81 11 33
81 18 36
81 22 52
81 85 69
81 7 91
81 56 33
81 84 38
81 79 40
81 35 12
81 5 69
81 1 34
81 6 59
81 17 11
81 75 23
81 83 6
81 60 93
81 39 16
81 82 91
81 36 6
81 80 4
81 68 70
81 20 2
81 37 66
81 65 48
81 77 49
81 91 70
81 95 21
81 38 22
81 2 77
81 55 48
81 47 70
81 51 75
81 23 51
81 31 36
81 78 7
81 10 97
81 93 45
81 89 32
81 86 14
81 30 6
81 42 43
81 50 85
81 15 36
81 29 49
81 28 78
9 8 86
9 40 82
9 16 42
9 53 70
9 70 26
9 48 2
9 62 76
9 26 93
9 25 45
9 66 74
9 99 93
9 61 49
9 32 93
9 34 32
9 97 25
9 24 58
9 45 40
9 59 95
9 69 16
9 58 97
9 72 41
9 3 18
9 43 47
9 46 51
9 19 85
9 57 36
9 52 83
9 88 49
9 12 100
9 94 80
9 27 90
9 33 33
9 4 42
9 67 13
9 92 60
9 13 99
9 14 7
9 49 87
9 21 92
9 90 97
9 100 28
9 73 62
9 63 35
9 44 68
9 74 5
9 64 56
9 11 70
9 18 28
9 22 10
9 85 46
9 7 59
9 56 77
9 84 75
9 79 56
9 35 91
9 5 28
9 1 44
9 6 50
9 17 37
9 75 80
9 83 3
9 60 77
9 39 76
9 82 35
9 36 72
9 80 91
9 68 43
9 20 3
9 37 90
9 65 6
9 77 52
9 91 47
9 95 20
9 38 55
9 2 75
9 55 32
9 47 33
9 51 89
9 23 4
9 31 62
9 78 74
9 10 86
9 93 87
9 89 89
9 86 2
9 30 91
9 42 34
9 50 33
9 15 37
9 29 85
9 28 10
9 81 10
98 8 46
98 40 18
98 16 38
98 53 39
98 70 11
98 48 21
98 62 83
98 26 71
98 25 66
98 66 18
98 99 53
98 61 50
98 32 60
98 34 96
98 97 48
98 24 51
98 45 50
98 59 39
98 69 79
98 58 65
98 72 48
98 3 33
98 43 4
98 46 20
98 19 48
98 57 84
98 52 100
98 88 10
98 12 25
98 94 55
98 27 57
98 33 59
98 4 9
98 67 100
98 92 48
98 13 26
98 14 67
98 49 94
98 21 42
98 90 19
98 100 56
98 73 41
98 63 98
98 44 26
98 74 16
98 64 71
98 11 51
98 18 6
98 22 65
98 85 88
98 7 68
98 56 78
98 84 24
98 79 41
98 35 57
98 5 10
98 1 94
98 6 18
98 17 22
98 75 50
98 83 62
98 60 100
98 39 86
98 82 60
98 36 63
98 80 58
98 68 65
98 20 32
98 37 21
98 65 26
98 77 40
98 91 46
98 95 1
98 38 53
98 2 5
98 55 37
98 47 27
98 51 11
98 23 50
98 31 95
98 78 43
98 10 21
98 93 12
98 89 88
98 86 85
98 30 99
98 42 60
98 50 24
98 15 18
98 29 43
98 28 95
98 81 46
98 9 49
71 8 99
71 40 48
71 16 71
71 53 27
71 70 95
71 48 29
71 62 43
71 26 94
71 25 56
71 66 13
71 99 87
71 61 60
71 32 95
71 34 33
71 97 45
71 24 11
71 45 56
71 59 52
71 69 39
71 58 37
71 72 98
71 3 99
71 43 100
71 46 98
71 19 82
71 57 96
71 52 38
71 88 100
71 12 57
71 94 25
71 27 33
71 33 63
71 4 21
71 67 55
71 92 92
71 13 48
71 14 37
71 49 46
71 21 84
71 90 2
71 100 28
71 73 48
71 63 12
71 44 7
71 74 7
71 64 44
71 11 60
71 18 77
71 22 73
71 85 32
71 7 5
71 56 43
71 84 99
71 79 40
71 35 36
71 5 47
71 1 3
71 6 67
71 17 9
71 75 66
71 83 23
71 60 45
71 39 35
71 82 61
71 36 82
71 80 53
71 68 7
71 20 86
71 37 22
71 65 15
71 77 26
71 91 46
71 95 3
71 38 40
71 2 44
71 55 6
71 47 67
71 51 11
71 23 7
71 31 49
71 78 57
71 10 19
71 93 25
71 89 97
71 86 27
71 30 41
71 42 75
71 50 90
71 15 91
71 29 61
71 28 55
71 81 11
71 9 48
71 98 69
76 8 65
76 40 97
76 16 88
76 53 98
76 70 71
76 48 80
76 62 67
76 26 10
76 25 23
76 66 55
76 99 62
76 61 67
76 32 31
76 34 53
76 97 51
76 24 25
76 45 56
76 59 26
76 69 2
76 58 37
76 72 49
76 3 99
76 43 55
76 46 26
76 19 95
76 57 77
76 52 35
76 88 93
76 12 40
76 94 23
76 27 47
76 33 85
76 4 63
76 67 85
76 92 65
76 13 23
76 14 91
76 49 31
76 21 81
76 90 50
76 100 74
76 73 81
76 63 68
76 44 45
76 74 86
76 64 61
76 11 75
76 18 82
76 22 54
76 85 95
76 7 10
76 56 91
76 84 96
76 79 54
76 35 10
76 5 6
76 1 22
76 6 9
76 17 17
76 75 87
76 83 18
76 60 17
76 39 87
76 82 90
76 36 21
76 80 74
76 68 87
76 20 43
76 37 46
76 65 8
76 77 82
76 91 4
76 95 78
76 38 47
76 2 12
76 55 4
76 47 41
76 51 38
76 23 63
76 31 29
76 78 2
76 10 60
76 93 21
76 89 17
76 86 92
76 30 97
76 42 78
76 50 53
76 15 78
76 29 36
76 28 10
76 81 80
76 9 46
76 98 76
76 71 48
87 8 48
87 40 73
87 16 31
87 53 20
87 70 82
87 48 25
87 62 33
87 26 21
87 25 17
87 66 2
87 99 86
87 61 15
87 32 38
87 34 99
87 97 90
87 24 17
87 45 25
87 59 85
87 69 4
87 58 22
87 72 57
87 3 57
87 43 74
87 46 75
87 19 49
87 57 58
87 52 97
87 88 12
87 12 33
87 94 25
87 27 8
87 33 78
87 4 88
87 67 70
87 92 11
87 13 81
87 14 61
87 49 23
87 21 53
87 90 48
87 100 53
87 73 38
87 63 24
87 44 71
87 74 77
87 64 24
87 11 44
87 18 31
87 22 38
87 85 72
87 7 21
87 56 13
87 84 25
87 79 81
87 35 60
87 5 33
87 1 89
87 6 45
87 17 4
87 75 69
87 83 69
87 60 28
87 39 68
87 82 18
87 36 5
87 80 81
87 68 34
87 20 36
87 37 40
87 65 47
87 77 4
87 91 6
87 95 87
87 38 23
87 2 85
87 55 53
87 47 73
87 51 80
87 23 62
87 31 6
87 78 98
87 10 12
87 93 65
87 89 80
87 86 44
87 30 79
87 42 40
87 50 99
87 15 79
87 29 39
87 28 29
87 81 80
87 9 52
87 98 10
87 71 11
87 76 15
54 8 97
54 40 19
54 16 89
54 53 66
54 70 82
54 48 53
54 62 15
54 26 57
54 25 23
54 66 61
54 99 98
54 61 4
54 32 9
54 34 84
54 97 44
54 24 20
54 45 66
54 59 16
54 69 95
54 58 30
54 72 53
54 3 92
54 43 6
54 46 10
54 19 46
54 57 84
54 52 96
54 88 62
54 12 85
54 94 71
54 27 46
54 33 63
54 4 33
54 67 58
54 92 63
54 13 66
54 14 89
54 49 32
54 21 83
54 90 75
54 100 65
54 73 35
54 63 16
54 44 26
54 74 52
54 64 24
54 11 15
54 18 90
54 22 81
54 85 17
54 7 97
54 56 75
54 84 41
54 79 20
54 35 31
54 5 96
54 1 38
54 6 19
54 17 43
54 75 36
54 83 68
54 60 10
54 39 79
54 82 39
54 36 95
54 80 99
54 68 55
54 20 54
54 37 21
54 65 53
54 77 6
54 91 98
54 95 32
54 38 46
54 2 46
54 55 50
54 47 63
54 51 88
54 23 72
54 31 36
54 78 53
54 10 97
54 93 87
54 89 14
54 86 95
54 30 43
54 42 95
54 50 80
54 15 97
54 29 42
54 28 91
54 81 18
54 9 63
54 98 6
54 71 13
54 76 29
54 87 58
41 8 65
41 40 36
41 16 79
41 53 80
41 70 7
41 48 39
41 62 10
41 26 34
41 25 59
41 66 36
41 99 35
41 61 97
41 32 85
41 34 87
41 97 38
41 24 96
41 45 44
41 59 60
41 69 4
41 58 80
41 72 96
41 3 76
41 43 88
41 46 9
41 19 96
41 57 34
41 52 87
41 88 30
41 12 64
41 94 5
41 27 55
41 33 63
41 4 12
41 67 80
41 92 59
41 13 16
41 14 5
41 49 82
41 21 85
41 90 51
41 100 51
41 73 91
41 63 36
41 44 27
41 74 79
41 64 34
41 11 89
41 18 26
41 22 16
41 85 66
41 7 67
41 56 6
41 84 89
41 79 33
41 35 99
41 5 10
41 1 72
41 6 82
41 17 32
41 75 11
41 83 51
41 60 100
41 39 10
41 82 46
41 36 66
41 80 83
41 68 82
41 20 64
41 37 73
41 65 50
41 77 54
41 91 57
41 95 65
41 38 43
41 2 13
41 55 46
41 47 100
41 51 86
41 23 40
41 31 83
41 78 69
41 10 82
41 93 25
41 89 53
41 86 32
41 30 94
41 42 49
41 50 46
41 15 24
41 29 96
41 28 45
41 81 71
41 9 7
41 98 70
41 71 46
41 76 16
41 87 41
41 54 56
96 8 62
96 40 49
96 16 72
96 53 28
96 70 78
96 48 21
96 62 95
96 26 64
96 25 1
96 66 59
96 99 52
96 61 34
96 32 90
96 34 28
96 97 93
96 24 94
96 45 79
96 59 25
96 69 18
96 58 37
96 72 10
96 3 81
96 43 54
96 46 5
96 19 99
96 57 74
96 52 63
96 88 19
96 12 70
96 94 52
96 27 40
96 33 83
96 4 93
96 67 53
96 92 48
96 13 57
96 14 34
96 49 99
96 21 31
96 90 87
96 100 98
96 73 15
96 63 100
96 44 33
96 74 34
96 64 91
96 11 98
96 18 25
96 22 60
96 85 39
96 7 51
96 56 77
96 84 100
96 79 94
96 35 64
96 5 63
96 1 42
96 6 71
96 17 96
96 75 36
96 83 45
96 60 23
96 39 26
96 82 71
96 36 19
96 80 40
96 68 74
96 20 1
96 37 22
96 65 36
96 77 46
96 91 15
96 95 56
96 38 18
96 2 24
96 55 64
96 47 98
96 51 3
96 23 21
96 31 20
96 78 79
96 10 5
96 93 73
96 89 18
96 86 62
96 30 37
96 42 53
96 50 68
96 15 16
96 29 69
96 28 64
96 81 57
96 9 67
96 98 81
96 71 69
96 76 45
96 87 69
96 54 21
96 41 61